4;11;8;9;