8;3;9;13;